0,1,2,3,4,5,6,7,8,9,10,11,12,13,14,15,16,17,18,19,20,21,22,23,24,25,26,27,28,29,30,31,32,33,34,35,36,37,38,39,40,41,42,43,44,45,46,47,48,49,50,51,52,53,54,55,56,57,58,59,60,61,62,63,64,65,66,67,68,69,70,71,72,73,74,75,76,77,78,79,80,81,82,83,84,85,86,87,88,89,90,91
0.0,269.27038814519756,229.81416383895495,149.6157906100995,267.77260049168814,243.87687586749533,66.29511443981161,42.423269558656266,110.39163230070888,229.27864930039425,333.2276106369264,256.2517338041465,184.56013506103935,296.82361983013334,307.23294755250316,143.53773431817223,343.067920617371,242.01309088378036,338.7406887242794,217.27745537650125,248.95518020754852,287.0896661352002,235.8095052119917,219.50856572150914,120.50310432057694,88.39738833603002,157.79155654164128,237.72600245211825,167.70297140596975,61.31018554447786,325.88546205491957,272.3183184251424,308.49731924062235,50.516972133254605,87.03120501434884,283.8662060696769,270.0863644568295,243.9595999028322,141.09159702944717,35.093963309501014,170.872418200356,77.63672166780465,101.24562727952699,105.50369355652371,276.5286135172722,312.0676920612706,103.57859687491401,144.3848248058665,212.83887037736824,97.62236701230898,76.1280902891626,133.25269979768322,41.33752454380605,116.6018458103899,141.138115180745,53.00254360997677,57.52543680968882,314.1208498698729,43.47076302995892,51.86674314574605,87.90244249105976,331.27084496547366,45.78828015262648,197.2746214120437,34.65162785087794,112.13486252426108,271.0299953718392,100.40635551514461,283.50621900996003,266.64125958287696,380.01238440642,304.9699885876359,151.31096189222768,376.8851861925391,110.98415688193468,297.6529377210016,171.05426745502805,248.12039450742802,265.7282697856478,186.9485747351948,204.11450029644365,75.05366119193584,218.2970483550932,200.70914256722233,181.70006516889643,173.18340736540128,254.04350856851354,154.35101153093387,81.49013905079507,328.0131132205074,100.53979369518754,49.1961631644185
269.27038814519756,0.0,92.52331149786089,119.6548860203466,95.06658491835783,104.96167964699781,207.48825423008415,238.60949310979066,163.77753689856743,52.20108068080631,66.5987493472427,87.83514908341053,96.87096571860603,27.631626388057867,70.13160147971597,128.69770429320033,81.61519938084498,28.406670373712842,71.31759236858288,51.99763986952325,68.40669169333636,51.266125085655325,40.651743044957726,52.26985967051373,152.2845033411374,180.92996748627323,119.67566166291383,97.28265195961697,120.43043615358049,209.88099668534934,56.71043735232698,8.476181849750905,44.29040266506551,280.1414180605834,183.10158068419338,33.16518756188711,55.95645753436812,34.2902647906039,134.19221608563677,236.57190574466824,128.39488280481203,191.99044055744793,173.85295966049398,163.94246915131822,21.255430213800263,55.27435583248401,172.65334676634825,145.47508814832463,68.30321688041731,173.85889942644008,193.16649718566396,137.06917593094818,310.40410360853264,152.72114193439185,128.98273874966048,219.42149500936222,212.05979615233397,64.25473540693032,251.90739286514142,240.62128342655333,183.45098163052418,85.43012440939191,269.03635944792694,102.25007726606881,234.7272099968444,161.50907618823203,69.45204377961969,179.37323968397538,35.94305236662118,10.267077691211059,112.83916419152423,38.668739753110025,135.74549034915012,117.68016405746528,165.16839523052468,31.07048980832221,98.32635703746197,93.68725351807757,19.392691106063985,82.36830797438165,109.45357252163835,195.7284112108278,81.4287098879464,69.72193197033263,113.64225156798861,98.43349465313752,39.425833147297915,115.35956930602345,197.32990695401884,71.34191034009494,169.633888333892,227.71393056649273
229.81416383895495,92.52331149786089,0.0,101.46114491812989,38.21599519083361,20.336878219186307,182.12165304506973,211.7268245229397,120.63051744872793,46.49942513153219,150.94966055510253,26.475087905599192,52.24612529060552,112.01191310640833,85.05170652905552,121.79906343832288,129.38200748100854,73.07296926791787,134.63989510053048,76.84614886349964,27.930394700535203,71.20850581665935,57.525646835952685,61.8200220758056,112.39069318991076,150.7043920254744,75.93862667042092,10.22935750553762,62.434863947520256,169.0761760286709,131.00610743673047,87.90720910478724,133.82124181740582,256.44053468322284,146.18228575345208,125.19286512851534,51.692608543241356,60.1959511805584,91.93680404126307,194.72191080507068,59.73230099139507,162.0035310031785,128.97273430227236,132.3646328276937,113.04905105554855,146.95957567585188,126.43867960163493,85.78142335605413,42.646191491808196,134.54339624017936,159.24794652975692,121.80956960357422,270.2159099803417,127.53702748039761,100.40172486927105,190.32789072473597,179.16687526762266,156.63240293853806,227.50048472884004,218.60009455762764,143.6885445760088,108.63804974277629,245.10072797732283,32.86587756412513,198.5472448012196,146.7631287787522,45.827184026315194,129.4987626546925,77.33656970257819,99.37900585458789,170.00182314869423,106.52832367216821,78.50624749300832,157.14278155506264,119.27264186825545,120.40703087677646,85.75898293637258,18.747742942790996,74.89243497559228,84.01430393305246,27.074973149127715,156.30504297023685,20.43161919064932,67.31066383970878,48.15015505159195,73.96734021188344,53.7441021777801,104.6592120165385,179.05288714985676,162.1379624270423,145.60264665698747,200.8577888014789
149.6157906100995,119.6548860203466,101.46114491812989,0.0,137.6452302207829,120.88187548909795,89.33049930236463,120.59510023253611,49.06116058708451,83.42480441486288,184.15525423563207,124.62794567326031,49.32691428566255,147.21916003218442,163.55847389159595,21.54170071573159,195.15052840650472,92.57380785146376,189.48822000717698,67.66590604482705,110.52284340743245,142.0000834242916,87.84729106478021,70.86337441455365,37.7822210788858,61.32036869198584,33.26922947773515,111.52044327183552,51.3277021498701,90.76674826185955,176.2829275350887,122.83172166309568,159.64673062386856,163.88261919705545,63.93734171360306,136.11808239456715,127.40188102285205,95.8625977091949,30.63107203870432,117.20567947030399,64.86340424931424,72.5225419479249,58.61995542050567,44.45281621178552,127.81502825700777,164.57682848849979,58.45217522391316,55.67579530918681,69.33118406311671,55.86877056499475,73.51883720730245,20.785089731245872,190.7735829292702,33.16489131823705,13.756155639792125,100.5185751472248,92.50341267618018,168.10145696380562,134.95124494738621,124.41799780446999,64.9976416774621,186.79706889213693,152.52770861103613,71.95173537696922,115.09149645140519,46.7830306537906,131.8845853657351,66.64092919769415,136.08403586841408,117.27592151950881,230.9399114938529,155.72905294507783,49.91061774219336,229.97810077547106,52.131430426347805,148.35463761719026,21.685000865372302,119.57820158072914,116.94786228324098,37.40245126510289,85.08371934519236,76.69473532729587,83.28233902085697,51.91817837980898,62.62437851814005,28.327229630544352,107.82596045751647,9.043164682302622,81.8383309558899,180.98095629820276,50.81830895521792,109.51930760812114
267.77260049168814,95.06658491835783,38.21599519083361,137.6452302207829,0.0,26.431218818335285,220.17923205291586,249.9042888126534,158.83548754184937,66.79487956765867,140.13730432904836,13.082175287206402,89.2049527150105,105.90011479424302,58.449677906029265,157.12523634676242,104.80113773346865,86.1955201647631,115.19599799788556,99.79517669640201,32.5505018002521,54.162639696918035,73.51683105633867,85.09251832700416,150.58005612653628,188.80520168069444,113.90625544749632,30.149927724589034,100.63333115083081,207.1847682606438,116.817102801245,87.93549797759006,128.48291970075053,294.6121092912433,184.39771832280067,127.70169901074809,39.83797404454883,71.74859219434747,130.064340288443,232.68019099207385,97.12715583586862,200.14194888808476,167.1103627800687,170.4111560311727,116.20050852610287,143.48120891750207,164.54265047955948,123.48383897749841,71.9542285840991,172.75912661349747,197.45503334865526,158.29784036746457,308.00106259804875,165.14718490392949,137.7712431681928,228.51327518230855,217.38156075335252,154.61118255364377,265.6479136947749,256.6501409609549,181.89218486855728,79.1363572807938,283.26354252575965,71.08163595925149,236.71393174575275,183.7276455717002,26.630286813722574,167.3821864364095,66.84490692325532,104.32082530752777,144.86770116891768,94.1932205239298,116.5425057887811,127.20630839386222,157.4263635262139,116.22516573322899,120.09716398676241,19.6536289752789,75.68203413663348,115.08300472847083,63.855873626212684,194.48929246494663,54.36359799637435,96.65744860545502,86.27791540051541,109.50616578137834,58.05946362146638,139.8625625145552,216.70018673657412,156.45911471676916,183.35036327780526,239.01602444971215
243.87687586749533,104.96167964699781,20.336878219186307,120.88187548909795,26.431218818335285,0.0,199.09834144914674,228.0813526359363,136.32946809654172,64.15569748113009,158.20323984041224,20.99745546891483,71.55655815921547,121.05659636864131,82.7340667395811,141.52235538790148,128.85347010054875,89.10098325252446,137.21279914305472,95.903968713711,36.57387969375475,73.88261282503848,74.11680995615012,80.75123414304909,128.95011670652127,167.60511423948023,93.67405652001176,10.301909631556082,78.5286540685595,183.87392619914476,136.37776711132062,99.19471872622688,143.49197833690087,272.7725288411853,162.18103630253415,138.10849604639725,55.79886004919042,75.26456118010688,109.00618620526355,208.8404439469439,73.05406479101718,178.70158649648778,144.06187089599325,149.52570365726945,126.07315780389447,157.58143805518594,141.3532567938275,99.55893908153459,62.60068671774449,150.4613002541254,175.41964690949146,140.9756512540647,283.6986141708799,145.62343026869115,118.9236860216146,206.66102874397563,195.11110234993603,167.9617206372643,244.0173729389333,235.532805439863,159.2742693567554,104.6609417144013,261.50395960047143,50.09141090235395,213.63291703023305,165.49972194796135,45.54755311480161,143.54794672406973,83.52850688188455,112.904132044072,169.33614985018457,112.5150099533344,93.42406779096295,153.05162333127936,134.50688200514978,130.4393601935765,105.86076879200884,11.883143216996364,86.14110625919318,104.34353999196252,40.08443857281989,171.63435014601131,40.72150377726424,87.47662835376138,63.956308710824636,93.80310417239728,65.55673867942497,124.47558041388216,196.93234089483406,171.8977342375739,163.4057926454659,217.35844122430353
66.29511443981161,207.48825423008415,182.12165304506973,89.33049930236463,220.17923205291586,199.09834144914674,0.0,31.276351271554336,64.33562576142504,172.35466631543397,269.73166720093633,207.68280688217357,131.92054823269828,234.72166248187511,252.2272011408262,79.28861383765567,284.4348494382498,181.3183813146737,278.17258717314337,155.76925128897588,196.72517938048674,230.97579337797842,177.1771318819589,160.16514504219418,70.20523302923499,31.493610224549133,106.2853189859345,191.2761076365996,120.59467518917005,34.647758833484936,264.1665851739745,211.35012669148193,244.8579199770881,75.05353219705285,39.077401427455406,219.5671522241589,215.56870027820491,185.19029014369244,90.21909183905439,44.51527144942527,128.1363332041855,20.73916187901639,59.385726493750376,49.768088315177415,212.93339218856443,247.49098976722536,62.515113019981634,103.21253543145643,157.23516569061746,50.30324004252488,26.290156945944247,70.46314845417238,105.28656881390934,56.79389092665869,84.11049593424538,13.311618527324386,16.70320409495386,248.9660593001581,45.948017843208326,36.47884619587648,43.70832702409786,275.7410558326896,63.64425649001877,149.43646665974703,33.81984037311988,46.77995838660201,218.67609999859312,65.11231404583206,225.4123022480815,203.91068813118758,319.72833800872326,244.50316569597462,106.84417400474075,319.30764441362624,67.420196113018,234.62978795590647,110.96284377477299,200.86939402574768,206.1179885019596,125.49096656280183,159.29726371267776,35.62479112613703,167.14623069797176,141.2317345826403,135.158816858283,115.95100813337287,196.9561719031456,92.29373381011642,16.535960220138023,263.16518439942814,38.549051700077285,20.25071443653952
42.423269558656266,238.60949310979066,211.7268245229397,120.59510023253611,249.9042888126534,228.0813526359363,31.276351271554336,0.0,91.909405609769,203.5047840006352,300.4086938389584,237.57898700424906,162.33444658339772,265.77193995104295,283.2692956965856,110.13865528340703,315.7108174547396,212.56154260124615,309.38512257546955,186.96848808315417,227.29506248034298,262.1097417603118,208.43761263762804,191.43855955150997,99.33985138340198,61.40163372574282,136.27747744841807,220.631681833337,149.62833407326625,49.39637169501133,295.2580896227453,242.55815701037665,275.51024397451033,44.71879162584125,65.97338552439913,249.97912744882245,246.51422268164006,216.45749476327896,119.87406187481012,39.50288801487039,156.0211800127711,49.8906623723357,85.15966253268502,79.95652591253582,243.63984279139987,277.71869945030005,88.14558274223837,130.21431851056528,188.21840466915575,77.70000940996016,52.67519535528579,101.67341295128513,76.92578971200984,87.91999005919186,115.02273896564733,21.42180839676686,33.46382989215621,278.7995265028944,16.15739070165742,13.171352893804082,69.3637704365152,306.8524664953189,33.42275207185497,178.8979375293578,25.102606673824734,77.37373834173556,249.31346009637076,88.56263590013153,256.6695015597938,234.86727471245635,350.9503524577111,275.7341917403719,134.94647670213521,350.5657647174946,94.22214733441454,265.48216818268025,142.2358005047061,230.4514095557316,237.39194636447021,156.72453811972193,188.0605786664261,58.01148457207441,197.42774799193054,172.50294288205126,164.1835970395885,147.02870608941225,228.14316788438393,123.5247817522758,42.70955435705902,293.206042277827,69.7891189606804,11.111428135128314
110.39163230070888,163.77753689856743,120.63051744872793,49.06116058708451,158.83548754184937,136.32946809654172,64.33562576142504,91.909405609769,0.0,119.86256003483676,229.76934989975763,146.8481435341534,74.22292942852631,191.3410274672546,196.89814472784738,57.04614526004762,233.77380550223583,135.59828558792705,230.91300946791475,112.83636578452813,138.61105400621906,176.9990674644343,127.41687679088895,112.10297657211173,11.652616531979772,33.800950830647736,47.469973527871474,129.1879733466049,58.203328394136335,49.088599077727885,219.4808284977811,165.65464350144345,205.7624135805564,136.522858171414,25.939647355112143,183.4616125561179,159.7450886521811,135.54877241149228,30.88384178127893,75.6430070355105,64.14972062544577,43.598015119832354,10.079145341808445,20.641052412002953,174.377149396103,211.88408547306335,9.396720734361553,38.87891036917418,103.01020504265614,14.227166138043994,39.274023977764244,44.96515206399103,151.49633791741948,29.375446893581486,36.33311399662847,70.53209910706875,58.78418356185595,216.1029703847965,107.95744411611383,100.16700702248858,23.058438447429328,220.97464028026425,125.31043396278582,87.78884600269357,78.0363362881681,49.28512530429842,160.70450335388216,17.699295390778033,174.23489207725805,162.8432523015933,271.6847134125685,197.33063866637116,43.0387201423468,267.010489595157,4.760037046295104,193.7779442319866,67.12039179928331,139.24500335318373,157.72443995067283,84.1315346123055,96.25716068767241,35.75915593499984,108.0167921405431,94.05596653839044,72.64144785275026,65.39197380100887,144.47389196328373,57.135475024047416,66.58202562215513,228.4593192448539,36.72693163734897,81.37554924573965
229.27864930039425,52.20108068080631,46.49942513153219,83.42480441486288,66.79487956765867,64.15569748113009,172.35466631543397,203.5047840006352,119.86256003483676,0.0,117.32344512043596,54.79509628842679,47.374681087427575,77.08183798873252,80.15302824740368,99.11697062268652,113.93255940170442,27.558129260281486,111.80442625142895,33.03981002591015,34.33456693707547,58.62663911188043,12.036039111504103,18.363552373444854,109.04096178974739,142.81201679191167,72.9495276989587,54.38824755937069,70.05427781183936,168.27592239542003,102.3753689584269,50.519488386520834,96.33720109722502,247.19168237125788,142.27312399834236,82.46834438225446,44.63904581519453,18.10970076409217,89.05563910293655,195.11041638004073,76.69533533069037,154.34777883951608,129.69710250174876,124.56544307385627,70.53477403630599,107.29926018889725,127.98793314848129,95.8797987455069,17.398564110945546,131.76351372654105,153.8859491692976,103.71216647486139,270.60196584016927,115.58599734035275,88.78291565342654,182.91547813612578,173.72925397626034,115.57730320412868,218.18344182997382,207.79954954956358,141.51582206427668,103.41280816585622,235.81356767366918,50.05499341657361,195.51361308070287,129.79702782603906,51.73045357108197,133.68713456279542,54.37323474106801,56.60162857097951,152.0407042444513,78.82664965055542,86.32031130593127,147.66820243490946,120.34066632946785,82.9154033935876,62.404653657576,55.6181731398992,39.70822039040093,52.17619518270341,58.01906965740894,154.29663521889248,30.556212078801735,33.39540795846476,61.8342320240667,56.55617138177421,24.783970903849745,82.55824276963584,165.2358916574378,123.51680195959845,133.83239665107806,192.39510106488362
333.2276106369264,66.5987493472427,150.94966055510253,184.15525423563207,140.13730432904836,158.20323984041224,269.73166720093633,300.4086938389584,229.76934989975763,117.32344512043596,0.0,137.9251521569427,163.2892161855499,40.25601701588356,89.16658228992974,190.45110105964793,60.48425751635123,94.98523803660258,39.13965746199865,117.03591430492948,123.54409298654946,85.97626074620894,106.49748385064723,118.85026491204799,218.19564382636648,244.89411781132105,186.24873326806187,152.9557355122555,186.73424901370547,274.8889666929654,25.177223959853677,66.81600635084843,24.91159341435417,340.2157794444562,248.05133631417522,51.327954780098416,102.47069763524404,99.25027124180197,200.56671929524015,301.354831302342,194.01873921233866,255.60898948427786,239.8468868849392,228.60597728066494,56.8011673022473,28.396686243784334,238.76899638854644,211.98453615288273,134.17616406370806,239.297424222965,257.44205693687263,200.0586525047804,374.04259344519494,216.76491994524457,194.39941352232663,282.17004539876433,275.7351928405376,36.55420582389997,312.77989396968775,301.13551367468045,248.76422561858797,85.86295882458258,329.4051723954928,166.676849765739,298.578697971313,223.06406518583833,114.11154957522776,245.67105466205982,74.67522898876287,67.00093821201986,65.69521086532419,45.98381656681312,202.26566243654952,86.6513289438289,231.35074394450402,35.99187073194642,163.39921102349174,146.3205822710554,78.27578541947521,146.80353272119848,172.0189722288963,260.77877930458004,144.25517631790163,135.89713070853213,179.15488793265646,164.64054908383332,98.40728098169406,178.89951932873205,258.2044415387798,25.110755740861304,232.82891025771673,289.7642554849446
256.2517338041465,87.83514908341053,26.475087905599192,124.62794567326031,13.082175287206402,20.99745546891483,207.68280688217357,237.57898700424906,146.8481435341534,54.79509628842679,137.9251521569427,0.0,76.36692046315038,101.64712161154768,62.15731692402092,144.05048072123418,108.06067584049894,75.99352966956202,116.22029945426574,87.82774540357462,21.301318913945696,53.00172736443738,62.43675364765368,72.93152816113383,138.32523240674726,176.37017833611444,101.40303981071708,20.291688191982878,88.71945534568479,195.43998265761556,115.69380757202386,81.33855294307337,124.220991201129,282.2645017228635,172.26300734474606,120.90623744098245,35.502498716520414,61.58108677913002,117.70500051136116,221.1622809959477,86.14264384041779,187.7556568791021,155.31804207524044,157.9247240643628,109.0905695992763,138.72008137686697,152.81654334167328,112.25405958470728,59.003615428165745,160.67077625983154,185.2438381616653,145.302884936069,296.6856212875663,152.40036083299194,124.96198124175298,216.21365099989163,205.223047624394,149.4510672572954,253.25826477031603,244.13604634459224,169.90212126856426,84.70248041894446,270.8992789621366,59.085242674509686,224.83653625809518,170.7942970575866,24.567903066148936,155.96297808289475,63.37707733810931,96.53489786391356,148.62037518497672,92.0600774630716,104.94158527993966,133.27355897120626,145.60192264563506,111.44151285963395,107.01512670435207,9.950224610134072,68.55113594817144,102.15093927959992,53.1494785646271,182.57039070699,41.36529459701519,83.82582097980868,74.5550912198594,96.45856938926029,49.230752177602476,126.78759044126971,203.9455225524309,152.53126669840148,170.65418902818084,226.6522250716465
184.56013506103935,96.87096571860603,52.24612529060552,49.32691428566255,89.2049527150105,71.55655815921547,131.92054823269828,162.33444658339772,74.22292942852631,47.374681087427575,163.2892161855499,76.36692046315038,0.0,123.32468586286366,122.68052385881124,70.09870301926588,160.35213079358903,68.8601616891626,159.13645015878137,53.86381944930518,65.01519348650311,102.903055256627,56.98780129530728,45.56402838051404,64.21627249485336,100.93297913337047,26.768656205609815,62.23560114290563,23.675239604415253,123.25429163685355,149.57423999412143,96.75307798131337,140.981356877125,206.84695692444762,98.27174984403102,123.07178312973741,85.52943778758545,64.69533963834736,43.48343666572696,149.86560153369535,34.04411222711627,112.45856244240379,83.71679689824605,82.37946807236492,112.06667272431328,150.1534863760753,81.74126145282231,48.7628609114147,29.981828117033857,87.10779365787964,110.73590896201257,69.5660074975953,225.71317238280471,76.08938611152122,48.59821270500107,141.13941207652073,130.81232314937355,156.88982683621106,177.7516893147326,168.26057446696237,96.74243105001527,146.7518188606016,195.4453434312355,23.748419167185407,151.6207862162279,94.6188632354122,87.09449805955624,86.88111001643333,101.14099978124075,98.76256943003779,199.10388457953366,126.19049582908947,39.09718175329718,193.0081092786787,74.11896673054393,127.93013479380254,36.23257004982282,70.60618860470996,86.86968931563112,41.50327277013581,37.69140133278073,109.60869967941554,35.284623720854576,34.18140538622785,21.739723360353516,23.05444706139013,71.21094142323972,53.25608778986777,127.60793672630815,166.78294873285952,94.4165445569191,151.29750371749327
296.82361983013334,27.631626388057867,112.01191310640833,147.21916003218442,105.90011479424302,121.05659636864131,234.72166248187511,265.77193995104295,191.3410274672546,77.08183798873252,40.25601701588356,101.64712161154768,123.32468586286366,0.0,64.95888674457714,155.70173768479464,60.45431764863681,55.78276941116922,46.13136625406931,79.55424658232404,85.26718779331259,53.49971145799485,66.394172227614,79.53777045445207,179.86859974018105,208.45688248123133,146.8525441004731,114.9017996729214,146.66646906648,237.50986266972998,29.623148133615548,26.618967374335593,22.611512958147543,306.9327801792608,210.72626248508607,31.885153073867833,66.43126075980807,59.029659498041184,161.6130015497686,264.1934117033068,153.7752539622826,219.47115922855605,201.4129070889638,191.54438523691203,27.71069400264038,37.708885408690875,200.17915899595258,172.0758252104672,94.01074761092241,201.48731081836704,220.73773256230436,164.38394173511034,337.92535631229896,180.24413398148494,156.6141886679555,246.76536118091937,239.55860698100804,49.207740338580486,278.8692201107031,267.4860287999216,211.08209728150513,72.68120784065927,295.89111820816174,126.45923404332028,262.25873444878556,188.5291567882118,79.27576784614897,206.81865370162768,39.116941271667955,31.316180843818334,86.92265747556655,19.58784081290905,162.3795055371145,95.71140783090085,192.67302653680665,11.116705580299586,125.93952605059795,109.24390739691388,38.138596786440715,109.88129541067286,132.10764082009212,223.35773166579946,104.2215722779004,97.29279818901347,138.9069449731607,125.96646713117562,58.701504697373224,142.75633444675367,224.23418998503146,50.8906853929993,197.02603129057394,254.92232969622228
307.23294755250316,70.13160147971597,85.05170652905552,163.55847389159595,58.449677906029265,82.7340667395811,252.2272011408262,283.2692956965856,196.89814472784738,80.15302824740368,89.16658228992974,62.15731692402092,122.68052385881124,64.95888674457714,0.0,178.8857600585507,46.35848270058422,80.62541759715603,58.235011031500385,104.77367501787413,59.74382518359355,22.307661335595572,77.70212919545376,94.90737327055588,186.78947398612345,222.21628902321964,149.44753466227314,81.88694502484248,141.37349812290913,245.93196612179062,64.14552631169373,61.71665233383526,84.93345129190493,327.1804912506797,220.68626805130094,95.01686919527536,37.1533313809265,70.67770474325505,166.14156295508712,272.536045432244,142.54529833948956,233.78857372876038,206.31335377753248,203.7811199943217,86.57176496432487,100.64618136123097,204.23385723906594,166.96900889285823,95.07685970801417,209.69695187970495,232.80831074637476,183.85800009375808,348.3928361041117,195.43550196948806,168.26805679574997,262.4673331056767,252.8134666693039,112.58625187496122,298.1286571831438,287.8628723676232,219.37213685189639,24.182232118615826,315.788394382852,113.29587696815942,274.09079894622204,209.92966804042567,39.22521579297154,208.83262460688957,34.70816622023016,80.23978263020261,86.63411005477788,46.99813500461959,158.3773043216675,72.18767196103056,196.65413230922564,76.01845209929154,142.5251044110012,72.08512931098835,56.46524716330823,131.07453337466657,111.72892200295419,232.23816076778448,90.16372769326644,112.91022686354432,128.87632699822086,136.2770195411235,56.31481296825015,162.58836917353827,245.38450511897997,109.92417376019782,213.77417689358995,272.1592757180584
143.53773431817223,128.69770429320033,121.79906343832288,21.54170071573159,157.12523634676242,141.52235538790148,79.28861383765567,110.13865528340703,57.04614526004762,99.11697062268652,190.45110105964793,144.05048072123418,70.09870301926588,155.70173768479464,178.8857600585507,0.0,207.33224655147157,103.5018187728974,199.78488367276947,77.5978559058562,128.67144711777522,156.8764555980578,101.58587267900455,84.25750974742492,47.90364406208093,56.524087823587564,54.51159630163681,131.95161933534652,72.69360843476201,88.85096272375615,185.24056024638696,133.0362375942233,165.58688115830708,151.51125128221906,63.29550141313533,140.47738130644322,143.71595994653902,109.22846785030269,48.773155238252755,113.71668753376596,86.01021834676156,66.19359094109537,64.88011488865703,44.302266814428094,133.65057531889408,168.57819484073275,65.74285488317557,74.09981302394728,86.86416887617142,58.724113334971555,69.47932624282416,12.419343083145485,183.90232030097297,30.906770174667788,30.736990473342647,91.76258068783919,86.11820355776571,170.62873316055934,123.21078138101127,111.95074634108268,66.1097755093924,201.47354325797488,140.36380450024612,93.16328460086682,108.98540695304183,32.827881728463936,149.408892934029,74.34139057629054,149.3762163154976,124.73331223657956,241.37341323167752,166.3247616830729,69.66747588088268,242.8009546332245,61.20985540919674,155.36430215319464,37.3674817945817,139.5762309181311,128.9355333733446,48.16738556034775,106.46492941438535,75.64797706544647,102.94527942866868,65.97865753738319,84.16523340749103,47.85254534776492,122.60348565643446,17.262944790715583,68.65141697490114,184.47691367931785,43.186145265112,99.38064136830552
343.067920617371,81.61519938084498,129.38200748100854,195.15052840650472,104.80113773346865,128.85347010054875,284.4348494382498,315.7108174547396,233.77380550223583,113.93255940170442,60.48425751635123,108.06067584049894,160.35213079358903,60.45431764863681,46.35848270058422,207.33224655147157,0.0,103.87246256755171,21.349044922149016,129.8219764597606,102.39956894580395,58.89629920991161,107.45965199787803,124.28718037532417,222.97027590813255,255.90348628431303,186.63897379288204,127.30922343065888,181.2287473287743,282.17763775917666,38.66574079296056,75.42316535486519,69.64120229780622,358.49008743126257,256.0368048423108,91.13904851730757,78.28507105412365,99.36070702559509,202.93037640152014,309.02312791877097,184.29963075624806,267.33994269090306,243.56901992884679,237.93430317528288,88.14455592316153,82.8849903992229,241.79266742893344,207.25975771233348,130.82468909305143,245.65856831095613,267.36612914626323,214.29646570372435,384.40423197139614,228.1244561369529,202.1111031678044,295.6228971321685,287.0229884383389,93.94396926976833,329.7880148895001,318.8915094197247,255.41219484975426,30.15631931824889,347.2210438023056,154.9066849684756,309.0994499964955,239.7539108952163,84.18025856880465,247.21756650991753,59.58025936722458,89.13171670076031,40.659485979903295,43.18621200405137,198.14964394269808,36.06758146608181,234.14400775847733,68.2011702460706,173.483960381883,117.9066411784075,78.44468159521645,159.3982388415956,155.27079543982072,268.1659665583932,131.1599732208392,143.23393521721172,169.9629462661668,169.92811324235262,89.31531631379475,192.45191435420688,275.7015415708959,85.33379134241086,245.96499558511286,304.6515633775271
242.01309088378036,28.406670373712842,73.07296926791787,92.57380785146376,86.1955201647631,89.10098325252446,181.3183813146737,212.56154260124615,135.59828558792705,27.558129260281486,94.98523803660258,75.99352966956202,68.8601616891626,55.78276941116922,80.62541759715603,103.5018187728974,103.87246256755171,0.0,96.93385039729017,25.950971024273304,54.73258039336213,58.53325162937974,15.68498122284646,23.866073228496067,124.16018525499109,153.87254241043584,91.27099750238219,79.96042418655301,92.51114832745223,182.16840089830222,84.06465052830696,30.31013465250044,72.15909243611196,254.86377929704227,155.46805227373042,55.48798950546458,53.0986775522497,14.455624572231514,105.84075120230992,208.93965509188385,101.16999889941874,165.09451553638394,145.66471098651593,136.52693373917467,43.84501332490096,81.55437468264797,144.40577542567038,117.27219221781593,41.41101260786288,145.96790627814877,165.8905367361933,110.90115158312767,283.2504424659604,125.73830837587073,101.21014945787414,192.92055067136357,185.06790654764694,89.0359387242715,226.31019072215963,215.2645867413871,155.61407660186626,100.82270360506284,243.64344965840016,76.50889426900517,207.5850002990795,136.05227757946588,64.7261794482282,151.04074049110775,47.48660280951558,30.135295769293187,138.43949654950958,63.203435700830745,107.53397948204199,139.51857420939317,136.89282393479394,59.25856790778125,70.98597140101657,79.19587605883885,25.789349252399646,55.84239541211663,85.39836763016967,168.01528968769577,58.11428460032687,41.61833822480182,86.62287076150078,70.2082969011136,29.306300028982367,89.0390868779137,172.0061104263187,98.09360572500616,143.09074007616937,201.56887891756696
338.7406887242794,71.31759236858288,134.63989510053048,189.48822000717698,115.19599799788556,137.21279914305472,278.17258717314337,309.38512257546955,230.91300946791475,111.80442625142895,39.13965746199865,116.22029945426574,159.13645015878137,46.13136625406931,58.235011031500385,199.78488367276947,21.349044922149016,96.93385039729017,0.0,122.41955967900397,106.80805804249637,63.71249000553856,103.49675959710561,119.2800440955342,219.7498763755784,250.75318400414233,184.59846804244404,134.14917384523685,181.24672242700123,278.4763883455652,19.04674261789404,66.82767504751777,50.38954691928995,351.29314747022556,251.9387540429638,74.18463710604756,83.01109020838082,95.37210159613828,200.37161896647723,305.3192525954657,185.89806290709683,262.0100637174983,240.88101428788647,233.242381077884,73.28222737400428,62.52082686488568,239.33824523045706,207.28142006492078,129.16503224829063,242.0581789318489,262.66306505913593,207.7148770993168,380.025971704816,222.65196820141261,197.66356006436766,289.8468331037587,281.9541591982203,73.21081916087357,322.9296449172041,311.7345027895634,251.7775288849333,48.66764618610531,340.1458069044464,156.8608390664375,304.40122669873347,232.54119490088218,91.66882407478647,245.32417939375384,58.91011238876039,77.04966039259195,41.58947198480329,33.77435364541167,197.85920020980154,51.34026728682409,231.7134795096032,51.544635353745974,167.86019058491098,125.68192392414595,73.20929473687102,152.69071657709264,159.11224173358562,264.35181210957063,133.16345458995008,138.03183900528413,171.18386287539388,165.92454625869712,88.35086072258055,185.88064967417998,268.4352437313771,64.04803702655208,240.01374784804617,298.4217989313713
217.27745537650125,51.99763986952325,76.84614886349964,67.66590604482705,99.79517669640201,95.903968713711,155.76925128897588,186.96848808315417,112.83636578452813,33.03981002591015,117.03591430492948,87.82774540357462,53.86381944930518,79.55424658232404,104.77367501787413,77.5978559058562,129.8219764597606,25.950971024273304,122.41955967900397,0.0,67.27186409584331,82.46917865029195,28.303098072225538,15.166732624683332,101.22845024303402,128.93251912229357,71.48071352539674,85.78885976102316,76.8153023860608,158.08359512417755,108.67179411156198,55.59200791760115,92.9260495980041,229.03903492452665,131.26747644776756,71.49772526983138,73.38672604669314,34.233365972123295,84.34259525318932,184.70473586463007,87.88997552310637,140.00795553464565,122.90452504937375,112.00901296664037,61.70782264366284,99.6293514309626,121.92513949624175,99.36317734437682,35.46751388622891,122.28967367265408,141.1838127314732,85.30618953361557,258.40660123410805,100.72456158810006,77.37803262507055,167.55489896754273,160.06804060843567,105.00229287485709,200.5600033732306,189.4482111027534,131.79906206893094,125.95352932075888,217.8428987142546,68.78763816127109,182.72961729462747,110.22534176499875,82.86614971208863,129.0652867436056,72.85796598342448,50.043455628773586,163.9941242673858,88.81780646542622,89.75302659383087,165.4570257909596,114.59715129437747,81.07417626514805,46.46548633762005,88.21768449138777,51.62486503709229,30.388511656630943,80.68444074730652,143.94258088646194,57.67780203064746,20.44849927227256,74.65404941060103,48.31613535155845,49.63650381931587,63.49990273355169,146.16747989493027,116.31691035579753,117.73312900971511,176.01555219039773
248.95518020754852,68.40669169333636,27.930394700535203,110.52284340743245,32.5505018002521,36.57387969375475,196.72517938048674,227.29506248034298,138.61105400621906,34.33456693707547,123.54409298654946,21.301318913945696,65.01519348650311,85.26718779331259,59.74382518359355,128.67144711777522,102.39956894580395,54.73258039336213,106.80805804249637,67.27186409584331,0.0,43.69972384872905,41.198200509136086,52.68594302383487,129.0575103666377,165.89951810377354,91.53244581539815,29.637409295272356,81.96317169378943,187.68683039774476,103.15315854373729,62.65619537961233,107.48454294681119,271.7342737193993,163.17276663056907,101.56527845315028,24.152248674881758,40.35621758672902,108.25137248684594,214.0421372698859,82.81942847997816,177.4416113619579,147.73773283128259,147.34402646039865,89.55716382058242,121.27331617678365,145.50890282124908,107.33263147635758,41.870061062252994,151.87579284014797,175.73196895751138,131.30251901874294,289.91345060278326,140.38758155827318,112.80049530443347,206.13721854368256,195.80972777854075,131.49989113183753,242.62594841803315,232.94001360464347,161.42001996063055,83.86248479905449,260.3267303885077,53.55393814041177,216.4248061161855,157.25721684839814,22.109468989959563,149.69524126993,49.48269313896372,76.5286447995187,142.87219910832923,78.72395936641453,98.91216625178377,131.7821009327424,138.01425651420212,94.26875340269883,91.30510321318181,25.353420884780174,49.58437643941578,84.27236602344725,52.87810026938135,174.26230821251218,30.741425255534537,65.49469354929835,69.1668953750866,82.2312186239073,29.05371980478254,111.52027066705189,191.5682095068857,135.90188057613076,158.8204781929629,216.23963548487598
287.0896661352002,51.266125085655325,71.20850581665935,142.0000834242916,54.162639696918035,73.88261282503848,230.97579337797842,262.1097417603118,176.9990674644343,58.62663911188043,85.97626074620894,53.00172736443738,102.903055256627,53.49971145799485,22.307661335595572,156.8764555980578,58.89629920991161,58.53325162937974,63.71249000553856,82.46917865029195,43.69972384872905,0.0,55.486182658093796,72.74711354031683,166.59280625921417,201.28693912352313,129.55662463596482,70.44036351429605,122.87475653981218,225.86846645623146,62.888637393574314,42.82752835979821,75.66250871872046,305.81506021992686,200.26209991368898,79.98258863186969,19.561729181049337,48.37700170669933,146.13136618350967,252.59892305640375,125.46036990671979,212.84193683251374,186.5935052315371,182.94770115981984,70.03174358755328,91.12599334373115,184.64388714669224,148.80812270784295,74.31204447243991,189.46774909632506,212.1494064834098,162.13926255037984,328.34735199770074,174.1975341267593,147.2577570269741,241.45809778897106,232.08046171084035,102.70609352215638,276.8100483228983,266.40601452440274,199.18972077599196,44.797111810999134,294.438625470885,96.05424254688896,253.63152109487527,188.16095312507673,28.54087045194849,189.64277240510847,15.699482308589232,61.53274773601031,99.2220033454401,40.06325349401042,139.86574945194147,90.12661761019834,177.0186269778058,64.40147814633835,120.7818457278701,62.18958017249211,35.304804909243586,108.94444993695208,96.54545995316246,212.03624011417605,72.35091719144482,90.94712720182119,111.22335156274109,115.09946115745821,34.29460592396122,140.72892148803058,223.74848067242127,103.04726040003673,192.4581972991108,250.998932558964
235.8095052119917,40.651743044957726,57.525646835952685,87.84729106478021,73.51683105633867,74.11680995615012,177.1771318819589,208.43761263762804,127.41687679088895,12.036039111504103,106.49748385064723,62.43675364765368,56.98780129530728,66.394172227614,77.70212919545376,101.58587267900455,107.45965199787803,15.68498122284646,103.49675959710561,28.303098072225538,41.198200509136086,55.486182658093796,0.0,17.328473826375056,116.28280513618225,148.44393891614752,81.37083204089238,64.72950304873491,80.27238577178689,175.18929613042116,92.80046311175118,39.7886494347579,84.9252482889322,251.6047850406209,148.8192015978607,70.44585184921229,45.09980842219463,8.156560053848668,96.91243687300964,202.04978100936853,87.77640659814423,159.8832953374897,137.3855267560183,130.51315185478848,58.537784517609126,95.51183757793356,135.86231829117432,105.75001934311294,27.719594044295082,138.70593707661,159.95891774538916,107.45319349904292,277.14306751435475,120.7027928655216,94.71517162456693,188.20983621131185,179.57092025037926,103.62909330760974,222.74605351956524,212.0602793760259,148.44543802585108,99.905217581431,240.27773738026318,61.83676284297732,201.71243949149823,133.29182259078638,54.7659159759772,141.974836678248,48.238392565055115,44.61445587353127,144.38064491155626,69.97828838542013,96.08009646835902,142.13080971123918,128.24602316260945,71.60016390485026,66.2616912949328,64.69249579856044,30.349332674278124,53.51315117468967,70.05405801865449,161.10174005249988,42.52898929634548,36.01861241301036,72.99948661202879,62.64357768051023,21.626379717265593,85.7810863816204,169.09389442481321,111.82172565502312,138.6506563709224,197.35538361322082
